# Created by Octave 9.1.0, Sun Sep 22 11:11:21 2024 GMT <unknown@LAPTOP-SKUFJ66D>
# name: sos
# type: matrix
# rows: 1
# columns: 6
 0.00079666433649330695 0.0015933286729866139 0.00079666433649330695 1 -1.9185895303378353 0.92177618768380853


