# Created by Octave 9.1.0, Sat Sep 21 13:44:32 2024 GMT <unknown@LAPTOP-SKUFJ66D>
# name: sos
# type: matrix
# rows: 3
# columns: 6
 0.85918007665512131 -1.7133077847320961 0.85413758566297182 1 -1.8533753723127224 0.85910637748641416
 1 -1.9999692782849627 0.99998086543772013 1 -1.8890330863671909 0.89487435122464098
 1 -2.0059111753189205 1.0059228529763067 1 -1.9541522666843991 0.96019489324984564


