# Created by Octave 9.1.0, Sat Sep 21 13:44:32 2024 GMT <unknown@LAPTOP-SKUFJ66D>
# name: sos
# type: matrix
# rows: 3
# columns: 6
 5.1116060857620012e-10 1.0252928808258463e-09 5.1413804554470166e-10 1 -1.8915107707089298 0.89465245063511523
 1 1.9999705008234789 0.99998170979165113 1 -1.9185895117195311 0.92177616981921806
 1 1.9942159376000068 0.99422706102147318 1 -1.9673724103681653 0.97064009322329947


