# Created by Octave 6.4.0, Thu Oct 03 20:48:07 2024 CST <diani@diani>
# name: sos
# type: matrix
# rows: 2
# columns: 6
 2.256457447749483e-05 4.512900052319374e-05 2.2564426046675325e-05 1 -1.9408228439711848 0.94404642946207562
 1 1.000006578089738 0 1 -0.94400130031277318 0


