# Created by Octave 6.4.0, Mon Oct 07 18:49:36 2024 CST <diani@diani>
# name: sos
# type: matrix
# rows: 2
# columns: 6
 0.9244465617731541 -1.8488882933267354 0.92444173157881804 1 -1.918570032544294 0.92450263188812298
 1 -1.0000052249851679 0 1 -0.92439049165818377 0


