# Created by Octave 6.4.0, Sun Sep 22 13:31:45 2024 CST <diani@diani>
# name: sos
# type: matrix
# rows: 2
# columns: 6
 0.93034475331052668 -1.8571804275453494 0.93034467707273194 1 -1.8809927103912389 0.89358980308348357
 1 -1.9962283380478478 1.0000000819457533 1 -1.9675674584594018 0.96861810247425872


