# Created by Octave 9.1.0, Thu Sep 19 13:25:11 2024 GMT <unknown@LAPTOP-SKUFJ66D>
# name: sos
# type: matrix
# rows: 3
# columns: 6
 8.4184181147847911e-10 1.6894712561332086e-09 8.4764272738256598e-10 1 -1.8821741255330986 0.88587862452956612
 1 1.9999799335396444 0.99999564253782602 1 -1.9113982024795173 0.91516021950283377
 1 1.9931451012384631 0.99316074165804169 1 -1.9642222896040076 0.96808827531783936


