# Created by Octave 9.1.0, Thu Sep 19 11:30:30 2024 GMT <unknown@LAPTOP-SKUFJ66D>
# name: sos
# type: matrix
# rows: 3
# columns: 6
 4.2402962104958585e-06 8.505657554618493e-06 4.2654108608462053e-06 1 -1.5226156985203141 0.58271507514480569
 1 1.999969278309516 0.99998086546169873 1 -1.6127790453882687 0.6764372720440569
 1 1.9941195465313726 0.99413104305675626 1 -1.7970989981508594 0.86803254337492364


