# Created by Octave 6.4.0, Sun Sep 22 13:31:44 2024 CST <diani@diani>
# name: sos
# type: matrix
# rows: 1
# columns: 6
 0.00079666433649330684 0.0015933286729866137 0.00079666433649330684 1 -1.9185895303378353 0.92177618768380853


