# Created by Octave 9.1.0, Sun Sep 22 11:11:21 2024 GMT <unknown@LAPTOP-SKUFJ66D>
# name: sos
# type: matrix
# rows: 1
# columns: 6
 0.94597685600279025 -1.8919537120055805 0.94597685600279025 1 -1.8890330793945251 0.89487434461663595


