# Created by Octave 8.4.0, Wed Sep 25 17:49:53 2024 CST <ramsensei@ramsensei-pc>
# name: sos
# type: matrix
# rows: 1
# columns: 6
 0.00079666433649330684 0.0015933286729866137 0.00079666433649330684 1 -1.9185895303378353 0.92177618768380853


