# Created by Octave 9.1.0, Sun Sep 22 11:11:23 2024 GMT <unknown@LAPTOP-SKUFJ66D>
# name: sos
# type: matrix
# rows: 2
# columns: 6
 0.93034475331052668 -1.8571804275453494 0.93034467707273194 1 -1.8809927103912389 0.89358980308348357
 1 -1.9962283380478478 1.0000000819457533 1 -1.9675674584594018 0.9686181024742585


