# Created by Octave 9.1.0, Sun Sep 22 10:03:10 2024 GMT <unknown@LAPTOP-SKUFJ66D>
# name: sos
# type: matrix
# rows: 6
# columns: 6
 1.4607459324470832e-08 2.9249007607133826e-08 1.464162821286316e-08 1 -1.8616158319068341 0.86707152992941661
 1 1.9976589602577746 0.99766441490272884 1 -1.8655887751283726 0.87384132672062353
 1 -1.9975857881860262 0.99759159055505553 1 -1.8820140659034466 0.89489069503072138
 1 -2.0024070082802319 1.0024128280141709 1 -1.9419726032453051 0.95835151715079792
 1 2.0000073718924645 1.0000019086354415 1 -1.9893530459900308 0.99314120637693148
 1 -2.0000072035337424 1.0000013925104916 1 -2.0431117755432018 1.0442079729965328


