# Created by Octave 6.4.0, Sun Sep 22 13:31:44 2024 CST <diani@diani>
# name: sos
# type: matrix
# rows: 2
# columns: 6
 0.002428876416007818 0.0048577528320156403 0.0024288764160078223 1 -1.8809927103912389 0.89358980308348357
 1 -2.0000000000000018 1.0000000000000018 1 -1.9675674584594018 0.96861810247425872


