# Created by Octave 6.4.0, Sun Sep 22 13:31:44 2024 CST <diani@diani>
# name: sos
# type: matrix
# rows: 1
# columns: 6
 0.94597685600279025 -1.8919537120055805 0.94597685600279025 1 -1.8890330793945251 0.89487434461663595


