# Created by Octave 9.1.0, Sat Sep 21 13:10:17 2024 GMT <unknown@LAPTOP-SKUFJ66D>
# name: sos
# type: matrix
# rows: 6
# columns: 6
 0.82089983815206991 -1.5394818148261142 0.72252239615197045 1 -1.8420573688773052 0.84903821066293572
 1 -1.8981413753452545 0.90671017887859173 1 -1.8601370337481531 0.86960913358828318
 1 -1.9573890690410405 0.96861548328711111 1 -1.884909462077335 0.89791856832240513
 1 -2.0337411173817048 1.0449446571555581 1 -1.9426474254159323 0.95903232396589644
 1 -2.0955862170795023 1.1039156269159276 1 -1.9993067306655041 1.003665120548707
 1 -2.1171529232684541 1.1214754923545764 1 -2.0545980769329755 1.0560147445284751


