# Created by Octave 9.1.0, Sat Sep 21 13:44:32 2024 GMT <unknown@LAPTOP-SKUFJ66D>
# name: sos
# type: matrix
# rows: 6
# columns: 6
 0.77480644588926861 -1.4661988704161009 0.69434975727167625 1 -1.7960855959704418 0.8079690976341376
 1 -1.9239904101720355 0.93241776751476091 1 -1.8283595485701483 0.8519411377154108
 1 -1.97126816379203 0.98725088039707598 1 -1.8393605235043373 0.85070847513865644
 1 -2.004396349838212 1.0193064181088123 1 -1.9082335865365441 0.94092287453411894
 1 -2.0667300296121676 1.0746795916165131 1 -2.0036310505219643 1.0083946284137837
 1 -2.1030382525626274 1.1066062187148433 1 -2.0782184099386569 1.0804801690029002


