# Created by Octave 9.1.0, Sun Sep 22 11:11:21 2024 GMT <unknown@LAPTOP-SKUFJ66D>
# name: sos
# type: matrix
# rows: 1
# columns: 6
 0.0099593403754872096 -0.019852677822470677 0.0099593403754872096 1 -1.9885349272080035 0.98860093013650741


