# Created by Octave 8.4.0, Wed Sep 25 17:49:54 2024 CST <ramsensei@ramsensei-pc>
# name: sos
# type: matrix
# rows: 2
# columns: 6
 0.61095142536614488 -1.2148681137201474 0.61095142536620051 1 -1.0625329964259873 0.38238212888509171
 1 -1.9987661161593697 0.99999999999990785 1 -1.992709422639001 0.99273656058448967


