# Created by Octave 9.1.0, Sat Sep 21 13:44:32 2024 GMT <unknown@LAPTOP-SKUFJ66D>
# name: sos
# type: matrix
# rows: 6
# columns: 6
 0.00093994577525989618 -0.0017321137932594169 0.00093994578822827754 1 -1.8320342139553718 0.84228226183439603
 1 -1.9578475430687159 0.95859488782722124 1 -1.8785615705595515 0.89178603994411065
 1 -1.9721889125754553 0.99996400383095296 1 -1.9523871989782295 0.96648310633483236
 1 -1.9822494341301993 1.0001289065618866 1 -2.0318811327658191 1.0430703856887273
 1 -1.9946038524072156 0.99623052951153024 1 -2.096871443504762 1.1030657678243914
 1 -2.0460576764150118 1.0470434209868749 1 -1.9697432835393567 0.96431417723448531


