# Created by Octave 9.1.0, Sun Sep 22 11:11:21 2024 GMT <unknown@LAPTOP-SKUFJ66D>
# name: sos
# type: matrix
# rows: 1
# columns: 6
 0.68167025038430951 -1.3612375181842606 0.68167025038430917 1 -1.2571398802585365 0.46743813869434386


