# Created by Octave 9.1.0, Sun Sep 22 11:11:21 2024 GMT <unknown@LAPTOP-SKUFJ66D>
# name: sos
# type: matrix
# rows: 1
# columns: 6
 0.00078966014834166965 0.0015793202966833393 0.00078966014834166965 1 -1.9352063261430239 0.93875037917928872


