# Created by Octave 9.1.0, Sat Sep 21 13:10:18 2024 GMT <unknown@LAPTOP-SKUFJ66D>
# name: sos
# type: matrix
# rows: 6
# columns: 6
 0.70409159828988255 -1.3234241116350698 0.62394804085729194 1 -1.6261532817776407 0.69711022079751939
 1 -1.9182297566029365 0.92832474194510095 1 -1.9229508290170891 0.94745961721514171
 1 -1.9867855095312517 0.99870746487363882 1 -1.9533210782863168 0.95563685650602259
 1 -2.0647554938624486 1.0757951466334976 1 -1.9728899673519564 0.98999546149674555
 1 -2.1222798971650527 1.1299060381928356 1 -2.0308829868077796 1.0327248260031936
 1 -2.0056997063044215 1.0013147298259542 1 -1.987569767302221 0.98640206925001594


