# Created by Octave 8.4.0, Wed Sep 25 19:50:38 2024 CST <ramsensei@ramsensei-pc>
# name: sos
# type: matrix
# rows: 2
# columns: 6
 1.140687092391834e-05 2.2813844373708404e-05 1.1406973450711602e-05 1 -1.968701419286548 0.97195234333885239
 1 0.99999101191970685 0 1 -0.97192952959778245 0


