# Created by Octave 9.1.0, Sat Sep 21 13:44:32 2024 GMT <unknown@LAPTOP-SKUFJ66D>
# name: sos
# type: matrix
# rows: 3
# columns: 6
 0.74440576998082264 -1.4844340963688143 0.74003688446820015 1 -1.70484416023164 0.74758078397996452
 1 -1.9999692782849627 0.99998086543772013 1 -1.9425902774230956 0.95337391980826602
 1 -2.0059111753189205 1.0059228529763067 1 -1.9840073699797323 0.99019979283047865


