# Created by Octave 8.4.0, Wed Sep 25 17:49:53 2024 CST <ramsensei@ramsensei-pc>
# name: sos
# type: matrix
# rows: 1
# columns: 6
 0.0099593403754872113 -0.019852677822470681 0.0099593403754872113 1 -1.9885349272080035 0.98860093013650741


