# Created by Octave 9.1.0, Sat Sep 21 13:10:18 2024 GMT <unknown@LAPTOP-SKUFJ66D>
# name: sos
# type: matrix
# rows: 6
# columns: 6
 0.82066051624571346 -1.5506346663639812 0.73323860567100363 1 -1.8484785833587303 0.85755748462082426
 1 -1.9215154320084291 0.9301098377652357 1 -1.8663141506490823 0.88482654911088399
 1 -1.969777049572871 0.98582583222861087 1 -1.9284365336591716 0.95464830429336511
 1 -2.0055381444497318 1.0206660072257114 1 -1.933678833477205 0.93930392882399572
 1 -2.068888790185289 1.0770835392493601 1 -2.0328465462965877 1.0351157795133812
 1 -2.1065500247107716 1.1103266002693588 1 -1.9584173295365486 0.95624068558304798


