# Created by Octave 6.4.0, Sun Sep 22 13:31:44 2024 CST <diani@diani>
# name: sos
# type: matrix
# rows: 1
# columns: 6
 0.00078966014834166954 0.0015793202966833391 0.00078966014834166954 1 -1.9352063261430239 0.93875037917928872


