# Created by Octave 8.4.0, Wed Sep 25 17:49:53 2024 CST <ramsensei@ramsensei-pc>
# name: sos
# type: matrix
# rows: 1
# columns: 6
 0.68167025038430951 -1.3612375181842606 0.6816702503843094 1 -1.2571398802585363 0.46743813869434359


