# Created by Octave 9.1.0, Sun Sep 22 11:11:23 2024 GMT <unknown@LAPTOP-SKUFJ66D>
# name: sos
# type: matrix
# rows: 2
# columns: 6
 0.8461977458390666 -1.6892037987134922 0.84619767649676114 1 -1.909044455625668 0.92277638865473788
 1 -1.9962283380478478 1.0000000819457533 1 -1.978013630792508 0.97899723910543612


