# Created by Octave 9.1.0, Sun Sep 22 10:03:10 2024 GMT <unknown@LAPTOP-SKUFJ66D>
# name: sos
# type: matrix
# rows: 6
# columns: 6
 0.0029098055896023592 -0.0053621331212977338 0.0029098056235354738 1 -1.8278782000794247 0.83844238841544694
 1 -1.9618554369637375 0.96381407704964583 1 -1.8737450007685534 0.88721323733684987
 1 -1.9722074552526032 0.99996567335728559 1 -1.9457765851321192 0.96012110760249536
 1 -1.9821828712665148 1.0001221272368896 1 -2.020810253253992 1.0318586335297499
 1 -2.0368680142714095 1.0388091152998418 1 -2.0871045612495975 1.0926817233270778
 1 -1.9998336495107711 0.99869494162018368 1 -1.9637226162211263 0.95857865333940073


