# Created by Octave 6.4.0, Sun Sep 22 13:31:44 2024 CST <diani@diani>
# name: sos
# type: matrix
# rows: 1
# columns: 6
 0.0099593403754872113 -0.019852677822470681 0.0099593403754872113 1 -1.9885349272080035 0.98860093013650741


