# Created by Octave 8.4.0, Wed Sep 25 19:50:38 2024 CST <ramsensei@ramsensei-pc>
# name: sos
# type: matrix
# rows: 2
# columns: 6
 0.00084852664675815566 -0.0016933022960547008 0.00084852664675815642 1 -1.9812309845946534 0.98160435378378963
 1 1.0000000000000004 0 1 -0.97990730049199071 0


