# Created by Octave 9.1.0, Sun Sep 22 10:03:11 2024 GMT <unknown@LAPTOP-SKUFJ66D>
# name: sos
# type: matrix
# rows: 6
# columns: 6
 0.63521160075854466 -1.1745628856145625 0.54356619607254097 1 -1.6212132676207567 0.71111583256628408
 1 -1.879506229795002 0.88975750337849824 1 -1.932115147837254 0.95778732803096556
 1 -1.9467315750269525 0.95986950539962268 1 -1.9428683631381696 0.94599640598234858
 1 -2.0340373408379762 1.0475207482776987 1 -1.9753791079262593 0.99288239082071206
 1 -2.1129741038525252 1.1239289960854824 1 -2.0436086734581442 1.0462733718128276
 1 -2.1550311888178038 1.1621993207809098 1 -1.9914876901612 0.98958070346891014


