# Created by Octave 8.4.0, Wed Sep 25 19:50:39 2024 CST <ramsensei@ramsensei-pc>
# name: sos
# type: matrix
# rows: 2
# columns: 6
 0.80054260168587976 -1.5973820679203212 0.80054260168590141 1 -1.7534204496039623 0.80175501262871163
 1 -0.99999999999997202 0 1 -0.79933019074304956 0


