# Created by Octave 6.4.0, Tue Sep 24 16:46:12 2024 CST <diani@diani>
# name: sos
# type: matrix
# rows: 2
# columns: 6
 0.80054260168587976 -1.5973820679203212 0.80054260168590141 1 -1.7534204496039623 0.80175501262871163
 1 -0.99999999999997202 0 1 -0.79933019074304956 0


