# Created by Octave 9.1.0, Sat Sep 21 13:44:32 2024 GMT <unknown@LAPTOP-SKUFJ66D>
# name: sos
# type: matrix
# rows: 6
# columns: 6
 5.3927964764146852e-10 1.0798306840311416e-09 5.405540483150238e-10 1 -1.8664674751625698 0.87464255868327945
 1 1.997634826529642 0.99764039366169599 1 -1.9143581515075621 0.928474294636221
 1 -1.997572073479907 0.99757794326913207 1 -1.972782894891608 0.99170852661961395
 1 -2.00242104043451 1.0024269269188282 1 -2.0402945187437069 1.0543032445907321
 1 2.0000076048994577 1.0000020287939058 1 -2.1137358675171614 1.1214121739600675
 1 -2.0000068860855835 1.0000010079677357 1 -1.9960729490714697 0.99078482750454278


