# Created by Octave 6.4.0, Sun Sep 22 13:31:44 2024 CST <diani@diani>
# name: sos
# type: matrix
# rows: 1
# columns: 6
 0.68167025038430951 -1.3612375181842606 0.6816702503843094 1 -1.2571398802585363 0.46743813869434359


