# Created by Octave 6.4.0, Tue Sep 24 16:46:12 2024 CST <diani@diani>
# name: sos
# type: matrix
# rows: 3
# columns: 6
 0.74916697826232037 -1.4875784364375857 0.74916697824165956 1 -1.6770119833502743 0.75992226709935984
 1 -1.99622826653184 1.0000000001318772 1 -1.9889810629263605 0.98912796263199454
 1 -1.9990110377930912 0.99999999989570365 1 -1.7433795994045473 0.74667359270228884


