# Created by Octave 9.1.0, Sat Sep 21 13:10:17 2024 GMT <unknown@LAPTOP-SKUFJ66D>
# name: sos
# type: matrix
# rows: 6
# columns: 6
 0.0089773573057756444 -0.016543299383153878 0.0089773573073997377 1 -1.8372215674929326 0.8446596403547082
 1 -1.9299610837085452 0.93173017504332079 1 -1.8515528069547362 0.86230597750786475
 1 -1.9722042318092552 1.0000026492342831 1 -1.9051947511911418 0.91850117650803453
 1 -1.9821955670618383 0.99998938185059438 1 -1.9702133299284947 0.98316729828556682
 1 -1.9973053128175453 1.000100153100983 1 -2.0269189039951452 1.0332752721932159
 1 -2.0712812293970626 1.0731731693781268 1 -2.0787155053184989 1.0811238157616363


