# Created by Octave 6.4.0, Sun Sep 22 13:31:44 2024 CST <diani@diani>
# name: sos
# type: matrix
# rows: 1
# columns: 6
 0.85654371437992194 -1.7130874287598439 0.85654371437992194 1 -1.9194244016296043 0.92480701617288497


