# Created by Octave 6.4.0, Sun Sep 22 13:31:44 2024 CST <diani@diani>
# name: sos
# type: matrix
# rows: 2
# columns: 6
 0.0099505197739206581 -0.019624693376402144 0.0099505197739214353 1 -1.9846088370462436 0.98904393396046342
 1 -1.9994904197718517 0.9999999999999245 1 -1.9875493685673749 0.99072450876799012


