# Created by Octave 9.1.0, Sun Sep 22 10:03:10 2024 GMT <unknown@LAPTOP-SKUFJ66D>
# name: sos
# type: matrix
# rows: 3
# columns: 6
 3.4119398090940026e-11 6.8440481920319196e-11 3.432148226399784e-11 1 -1.9732079522936625 0.97361636664665996
 1 1.999969278309516 0.99998086546169873 1 -1.9787918647839036 0.98062422076204936
 1 1.9941195465313726 0.99413104305675626 1 -1.9895927598657632 0.99286669794745375


