# Created by Octave 6.4.0, Mon Oct 07 18:49:36 2024 CST <diani@diani>
# name: sos
# type: matrix
# rows: 2
# columns: 6
 1.140687092391834e-05 2.2813844373708404e-05 1.1406973450711602e-05 1 -1.968701419286548 0.97195234333885239
 1 0.99999101191970685 0 1 -0.97192952959778245 0


