# Created by Octave 9.1.0, Sun Sep 22 11:11:21 2024 GMT <unknown@LAPTOP-SKUFJ66D>
# name: sos
# type: matrix
# rows: 1
# columns: 6
 0.85654371437992194 -1.7130874287598439 0.85654371437992194 1 -1.9194244016296043 0.92480701617288474


