# Created by Octave 9.1.0, Sun Sep 22 11:11:22 2024 GMT <unknown@LAPTOP-SKUFJ66D>
# name: sos
# type: matrix
# rows: 2
# columns: 6
 0.0024224877190638706 0.0048449754381277455 0.0024224877190638749 1 -1.8976457043981345 0.91315972729131101
 1 -2.0000000000000018 1.0000000000000018 1 -1.9782272320354566 0.97909314648623524


