# Created by Octave 8.4.0, Wed Sep 25 17:49:54 2024 CST <ramsensei@ramsensei-pc>
# name: sos
# type: matrix
# rows: 2
# columns: 6
 0.0024224877190638706 0.0048449754381277455 0.0024224877190638749 1 -1.8976457043981345 0.91315972729131101
 1 -2.0000000000000018 1.0000000000000018 1 -1.9782272320354566 0.97909314648623524


