# Created by Octave 8.4.0, Wed Sep 25 17:49:54 2024 CST <ramsensei@ramsensei-pc>
# name: sos
# type: matrix
# rows: 2
# columns: 6
 0.8461977458390666 -1.6892037987134922 0.84619767649676114 1 -1.909044455625668 0.92277638865473788
 1 -1.9962283380478478 1.0000000819457533 1 -1.978013630792508 0.97899723910543612


