# Created by Octave 9.1.0, Sun Sep 22 11:11:23 2024 GMT <unknown@LAPTOP-SKUFJ66D>
# name: sos
# type: matrix
# rows: 2
# columns: 6
 0.610951425366145 -1.2148681137201476 0.61095142536620062 1 -1.0625329964259871 0.38238212888509243
 1 -1.9987661161593697 0.99999999999990785 1 -1.9927094226390019 0.99273656058449056


