# Created by Octave 9.1.0, Sat Sep 21 12:29:28 2024 GMT <unknown@LAPTOP-SKUFJ66D>
# name: sos
# type: matrix
# rows: 3
# columns: 6
 0.85893992510567096 -1.7129384314067433 0.85893992544936715 1 -1.8526700416657134 0.85881049597437742
 1 -1.9969149553601471 0.99999999920069582 1 -1.8859338183817265 0.89471587417667231
 1 -1.9995864066659963 1.0000000003991598 1 -1.9484668197889354 0.96015885996593753


