# Created by Octave 6.4.0, Mon Oct 07 18:49:36 2024 CST <diani@diani>
# name: sos
# type: matrix
# rows: 3
# columns: 6
 0.0014861560715156209 -0.0029415363907587871 0.0014861560715129947 1 -1.9609298800242811 0.96463491977346449
 1 -1.9993154131209701 1.0000000000533689 1 -1.9736778907299934 0.97978026763693638
 1 5.1599502448596013e-11 -0.9999999999484005 1 -1.9852829670341205 0.98757574847959551


