# Created by Octave 9.1.0, Sun Sep 22 11:11:22 2024 GMT <unknown@LAPTOP-SKUFJ66D>
# name: sos
# type: matrix
# rows: 2
# columns: 6
 0.0099505197739206564 -0.019624693376402141 0.0099505197739214301 1 -1.9846088370462436 0.98904393396046342
 1 -1.9994904197718517 0.9999999999999245 1 -1.9875493685673749 0.9907245087679899


