# Created by Octave 6.4.0, Sun Sep 22 13:31:45 2024 CST <diani@diani>
# name: sos
# type: matrix
# rows: 2
# columns: 6
 0.8461977458390666 -1.6892037987134922 0.84619767649676114 1 -1.909044455625668 0.92277638865473788
 1 -1.9962283380478478 1.0000000819457533 1 -1.978013630792508 0.97899723910543612


