# Created by Octave 6.4.0, Thu Oct 03 20:48:07 2024 CST <diani@diani>
# name: sos
# type: matrix
# rows: 2
# columns: 6
 0.90722265637134514 -1.814439351904207 0.907216695572027 1 -1.9556654215920994 0.96174803299003619
 1 -1.0000065704250627 0 1 -0.85269727975265297 0


