# Created by Octave 9.1.0, Sat Sep 21 13:10:17 2024 GMT <unknown@LAPTOP-SKUFJ66D>
# name: sos
# type: matrix
# rows: 6
# columns: 6
 1.0381702546681316e-09 2.0787632538821569e-09 1.0405986799525041e-09 1 -1.9044638512383325 0.91041396555323795
 1 1.9976589602577746 0.99766441490272884 1 -1.942683948028078 0.95524698598172531
 1 -1.9975857881860262 0.99759159055505553 1 -1.9745633079242988 0.99187729573494676
 1 -2.0024070082802319 1.0024128280141709 1 -2.0126032719033367 1.0210385513286468
 1 2.0000073718924645 1.0000019086354415 1 -2.0596838701950597 1.0624750437915693
 1 -2.0000072035337424 1.0000013925104916 1 -1.9733452443564909 0.97200275902439282


