# Created by Octave 9.1.0, Sat Sep 21 13:10:15 2024 GMT <unknown@LAPTOP-SKUFJ66D>
# name: sos
# type: matrix
# rows: 3
# columns: 6
 0.0093049751554555166 -0.018154544130459978 0.0093049751554021062 1 -1.8981867746365801 0.90112835718888096
 1 -1.9933727611507428 1.0000000000855556 1 -1.9450419870143487 0.94718832404482489
 1 -1.9964457402791134 0.99999999992018629 1 -1.9829990916110436 0.98469812390924338


