# Created by Octave 8.4.0, Wed Sep 25 17:49:53 2024 CST <ramsensei@ramsensei-pc>
# name: sos
# type: matrix
# rows: 1
# columns: 6
 0.010479700105585903 -0.017784231954963873 0.010479700105585908 1 -1.9355234746235521 0.93908607200253114


