# Created by Octave 6.4.0, Tue Sep 24 22:20:20 2024 CST <diani@diani>
# name: sos
# type: matrix
# rows: 2
# columns: 6
 0.91278811921003367 -1.8248356496698743 0.91278811921061054 1 -1.959119687783339 0.96514540546004668
 1 -0.99999999999936651 0 1 -0.86043083296002165 0


