# Created by Octave 9.1.0, Sat Sep 21 11:49:14 2024 GMT <unknown@LAPTOP-SKUFJ66D>
# name: sos
# type: matrix
# rows: 3
# columns: 6
 0.0098905871189659163 -0.019709297907020664 0.0098905871182669892 1 -1.9817701305829902 0.98199021916586582
 1 -1.9985837812917986 1.0000000011513084 1 -1.99255929768406 0.99320388251189851
 1 -1.9989712680955645 0.99999999891935443 1 -1.9978026365926498 0.99863085933858509


