# Created by Octave 6.4.0, Tue Sep 24 22:20:20 2024 CST <diani@diani>
# name: sos
# type: matrix
# rows: 3
# columns: 6
 0.0034234429068578159 -0.0065553943469755923 0.0034234429068574585 1 -1.9442012159008182 0.94787464795956367
 1 -1.9998361764414563 1.0000000000466405 1 -1.9463385110816507 0.96285816834930504
 1 4.6535775233280674e-11 -0.99999999995346422 1 -1.9907100407685625 0.99154949583064245


