# Created by Octave 9.1.0, Sun Sep 22 10:03:11 2024 GMT <unknown@LAPTOP-SKUFJ66D>
# name: sos
# type: matrix
# rows: 6
# columns: 6
 0.77314609598775841 -1.4508470195467624 0.68348722519169669 1 -1.7653918488110545 0.80273833100740133
 1 -1.9237665161066437 0.93762772230006719 1 -1.8887011125793713 0.89271240841262955
 1 -1.9818480003419874 1.0003077568095595 1 -1.9624060999568445 0.98187055781612809
 1 -2.0522124257762902 1.0669161847844009 1 -1.9662088074897803 0.98304249457446302
 1 -2.1224375900980554 1.1308291652008209 1 -2.0006680098582654 1.0061761626168353
 1 -2.0048910957635617 0.99963116041170375 1 -2.0881318091664389 1.0909262367928445


