# Created by Octave 9.1.0, Sun Sep 22 10:03:10 2024 GMT <unknown@LAPTOP-SKUFJ66D>
# name: sos
# type: matrix
# rows: 3
# columns: 6
 0.0098211949972696767 -0.019358332441189282 0.0098211949972151057 1 -1.9634281132895361 0.96430080745941604
 1 -1.9943387885886643 1.0000000000893237 1 -1.9838871030886795 0.98645655584181013
 1 -1.9958865436095139 0.99999999991623345 1 -1.993955422781718 0.99726536112562014


