# Created by Octave 6.4.0, Sun Sep 22 13:31:44 2024 CST <diani@diani>
# name: sos
# type: matrix
# rows: 1
# columns: 6
 0.010479700105585903 -0.017784231954963873 0.010479700105585908 1 -1.9355234746235521 0.93908607200253114


