# Created by Octave 6.4.0, Tue Sep 24 16:46:12 2024 CST <diani@diani>
# name: sos
# type: matrix
# rows: 2
# columns: 6
 0.0019489332735270779 -0.0038489543153295033 0.0019489332735270787 1 -1.9708822657981804 0.97417329615292902
 1 0.99999999999999867 0 1 -0.97027542960562951 0


