# Created by Octave 9.1.0, Sat Sep 21 13:10:16 2024 GMT <unknown@LAPTOP-SKUFJ66D>
# name: sos
# type: matrix
# rows: 6
# columns: 6
 0.0097920909517323056 -0.018635916724820636 0.0097920913086550227 1 -1.8647877333643113 0.87030720318268495
 1 -1.927529190773998 0.92940539405100719 1 -1.8942237397218045 0.90453745570098909
 1 -1.9751674693061632 0.99996560723495309 1 -1.9442759602886277 0.96146195860640538
 1 -1.9805507904824871 1.0000671222890707 1 -1.9932707649963217 1.0114355683287779
 1 -1.9966796971020839 0.99967737697954606 1 -2.0551906631965657 1.0642441648097487
 1 -2.0742285039541999 1.07626872016842 1 -2.1135766592139063 1.1178836550851197


