# Created by Octave 9.1.0, Sun Sep 22 11:11:21 2024 GMT <unknown@LAPTOP-SKUFJ66D>
# name: sos
# type: matrix
# rows: 1
# columns: 6
 0.85690626005852832 -1.7137589467041638 0.8569062600585281 1 -1.920220378652995 0.92557806055926439


