# Created by Octave 9.1.0, Sat Sep 21 13:10:15 2024 GMT <unknown@LAPTOP-SKUFJ66D>
# name: sos
# type: matrix
# rows: 3
# columns: 6
 0.79943588186179948 -1.5948976611657315 0.79943588118058118 1 -1.8103975193748232 0.83139289202338329
 1 -1.9963881288603555 1.0000000012521157 1 -1.9686563755474231 0.97646504471739359
 1 -1.9992966371872645 0.99999999960000907 1 -1.9901150811648138 0.99627244169223161


