# Created by Octave 6.4.0, Mon Oct 07 18:49:36 2024 CST <diani@diani>
# name: sos
# type: matrix
# rows: 3
# columns: 6
 0.88858945357794084 -1.7711089622794696 0.88858945400785672 1 -1.946687065727257 0.96309645547361067
 1 -1.9962282653989845 0.99999999864150224 1 -1.9907020931150901 0.99154731390296491
 1 -1.9979181508541237 1.0000000008746786 1 -1.8187867334889005 0.82222320390446568


