# Created by Octave 6.4.0, Sun Sep 22 13:31:44 2024 CST <diani@diani>
# name: sos
# type: matrix
# rows: 2
# columns: 6
 0.01188070498828543 -0.01394852976921679 0.011880704988285471 1 -1.8979396533630402 0.91354378270881964
 1 -1.9999863069789963 1 1 -1.9784424156723857 0.97930357565661252


