# Created by Octave 9.1.0, Sun Sep 22 11:11:23 2024 GMT <unknown@LAPTOP-SKUFJ66D>
# name: sos
# type: matrix
# rows: 2
# columns: 6
 0.84666555036294155 -1.6895567468068595 0.84666555036268254 1 -1.9098570637046497 0.92358199356945503
 1 -1.9968089045760586 1.0000000000003046 1 -1.9782189457889525 0.97920357400872904


